0 0.5385165 0.5 0.6403124 0.1414214 0.5 0.509902 0.1414214 0.9219544 0.4472136
0.5385165 0 0.2828427 0.3162278 0.6082763 1.029563 0.5 0.4123106 0.509902 0.1
0.5 0.2828427 0 0.1414214 0.5 0.9899495 0.2236068 0.3605551 0.4242641 0.2236068
0.6403124 0.3162278 0.1414214 0 0.6403124 1.131371 0.3 0.5 0.2828427 0.3
0.1414214 0.6082763 0.5 0.6403124 0 0.5 0.4472136 0.2 0.9219544 0.509902
0.5 1.029563 0.9899495 1.131371 0.5 0 0.9433981 0.6403124 1.414214 0.9433981
0.509902 0.5 0.2236068 0.3 0.4472136 0.9433981 0 0.4 0.5385165 0.4242641
0.1414214 0.4123106 0.3605551 0.5 0.2 0.6403124 0.4 0 0.781025 0.3162278
0.9219544 0.509902 0.4242641 0.2828427 0.9219544 1.414214 0.5385165 0.781025 0 0.5385165
0.4472136 0.1 0.2236068 0.3 0.509902 0.9433981 0.4242641 0.3162278 0.5385165 0
